XROTOR VERSION:  7.55
Designed blade                  
!         Rho          Vso          Rmu           Alt
   1.1690       338.00      0.17645E-04  0.50000    
!         Rad          Vel          Adv          Rake
  0.30000       27.000      0.42972       0.0000    
!         XI0          XIW
  0.16667      0.16667    
!  Naero
     1
!   Xisection
   0.0000    
!       A0deg        dCLdA        CLmax         CLmin
   0.0000       6.2800       1.5000     -0.50000    
!  dCLdAstall     dCLstall      Cmconst         Mcrit
  0.10000      0.10000     -0.10000      0.80000    
!       CDmin      CLCDmin     dCDdCL^2
  0.13000E-01  0.50000      0.40000E-02
!       REref        REexp
  0.20000E+06 -0.40000    
!LVDuct  LDuct   LWind
  T       T       F
!   II Nblds
    30    11
!         r/R          C/R     Beta0deg         Ubody
  0.17057      0.79159E-01   75.625       0.0000    
  0.18522      0.78735E-01   73.762       0.0000    
  0.21153      0.78323E-01   70.581       0.0000    
  0.24565      0.77844E-01   66.746       0.0000    
  0.28450      0.77047E-01   62.737       0.0000    
  0.32605      0.75793E-01   58.833       0.0000    
  0.36899      0.74117E-01   55.173       0.0000    
  0.41249      0.72091E-01   51.819       0.0000    
  0.45598      0.69829E-01   48.787       0.0000    
  0.49904      0.67455E-01   46.067       0.0000    
  0.54135      0.65057E-01   43.640       0.0000    
  0.58267      0.62705E-01   41.481       0.0000    
  0.62278      0.60461E-01   39.562       0.0000    
  0.66150      0.58339E-01   37.859       0.0000    
  0.69868      0.56360E-01   36.348       0.0000    
  0.73416      0.54541E-01   35.009       0.0000    
  0.76783      0.52881E-01   33.823       0.0000    
  0.79956      0.51375E-01   32.774       0.0000    
  0.82925      0.50024E-01   31.847       0.0000    
  0.85680      0.48818E-01   31.032       0.0000    
  0.88212      0.47750E-01   30.319       0.0000    
  0.90514      0.46811E-01   29.697       0.0000    
  0.92577      0.46000E-01   29.161       0.0000    
  0.94397      0.45307E-01   28.704       0.0000    
  0.95967      0.44728E-01   28.321       0.0000    
  0.97282      0.44258E-01   28.007       0.0000    
  0.98340      0.43890E-01   27.759       0.0000    
  0.99135      0.43621E-01   27.576       0.0000    
  0.99667      0.43444E-01   27.455       0.0000    
  0.99933      0.43358E-01   27.394       0.0000    
!      URDuct
   1.0500    
