XROTOR VERSION:  7.55
Designed blade                  
!         Rho          Vso          Rmu           Alt
   1.1690       338.00      0.17645E-04  0.50000    
!         Rad          Vel          Adv          Rake
  0.30000       27.000      0.42972       0.0000    
!         XI0          XIW
  0.20000      0.20000    
!  Naero
     1
!   Xisection
   0.0000    
!       A0deg        dCLdA        CLmax         CLmin
   0.0000       6.2800       1.5000     -0.50000    
!  dCLdAstall     dCLstall      Cmconst         Mcrit
  0.10000      0.10000     -0.10000      0.80000    
!       CDmin      CLCDmin     dCDdCL^2
  0.13000E-01  0.50000      0.40000E-02
!       REref        REexp
  0.20000E+06 -0.40000    
!LVDuct  LDuct   LWind
  T       T       F
!   II Nblds
    30    12
!         r/R          C/R     Beta0deg         Ubody
  0.20323      0.87857E-01   74.556       0.0000    
  0.21558      0.87185E-01   73.094       0.0000    
  0.23834      0.85872E-01   70.523       0.0000    
  0.26873      0.83996E-01   67.311       0.0000    
  0.30422      0.81684E-01   63.841       0.0000    
  0.34292      0.79077E-01   60.365       0.0000    
  0.38348      0.76311E-01   57.030       0.0000    
  0.42499      0.73500E-01   53.913       0.0000    
  0.46680      0.70730E-01   51.046       0.0000    
  0.50843      0.68063E-01   48.439       0.0000    
  0.54952      0.65536E-01   46.082       0.0000    
  0.58977      0.63174E-01   43.962       0.0000    
  0.62894      0.60986E-01   42.060       0.0000    
  0.66683      0.58976E-01   40.359       0.0000    
  0.70327      0.57139E-01   38.839       0.0000    
  0.73810      0.55470E-01   37.482       0.0000    
  0.77119      0.53960E-01   36.275       0.0000    
  0.80239      0.52600E-01   35.202       0.0000    
  0.83161      0.51382E-01   34.250       0.0000    
  0.85875      0.50297E-01   33.411       0.0000    
  0.88370      0.49336E-01   32.673       0.0000    
  0.90639      0.48492E-01   32.029       0.0000    
  0.92674      0.47758E-01   31.473       0.0000    
  0.94470      0.47128E-01   30.997       0.0000    
  0.96019      0.46598E-01   30.598       0.0000    
  0.97317      0.46162E-01   30.271       0.0000    
  0.98361      0.45818E-01   30.014       0.0000    
  0.99146      0.45562E-01   29.823       0.0000    
  0.99671      0.45393E-01   29.696       0.0000    
  0.99934      0.45309E-01   29.634       0.0000    
!      URDuct
   1.1000    
