XROTOR VERSION:  7.55
Designed blade                  
!         Rho          Vso          Rmu           Alt
   1.1690       338.00      0.17645E-04  0.50000    
!         Rad          Vel          Adv          Rake
  0.30000       27.000      0.20962       0.0000    
!         XI0          XIW
  0.16667      0.16667    
!  Naero
     1
!   Xisection
   0.0000    
!       A0deg        dCLdA        CLmax         CLmin
   0.0000       6.2800       1.5000     -0.50000    
!  dCLdAstall     dCLstall      Cmconst         Mcrit
  0.10000      0.10000     -0.10000      0.80000    
!       CDmin      CLCDmin     dCDdCL^2
  0.13000E-01  0.50000      0.40000E-02
!       REref        REexp
  0.20000E+06 -0.40000    
!LVDuct  LDuct   LWind
  T       T       F
!   II Nblds
    30    12
!         r/R          C/R     Beta0deg         Ubody
  0.17057      0.45574E-01   67.277       0.0000    
  0.18522      0.44307E-01   64.526       0.0000    
  0.21153      0.42042E-01   60.073       0.0000    
  0.24565      0.39206E-01   55.090       0.0000    
  0.28451      0.36206E-01   50.300       0.0000    
  0.32605      0.33308E-01   46.013       0.0000    
  0.36900      0.30650E-01   42.298       0.0000    
  0.41250      0.28279E-01   39.124       0.0000    
  0.45598      0.26197E-01   36.423       0.0000    
  0.49904      0.24383E-01   34.122       0.0000    
  0.54135      0.22804E-01   32.156       0.0000    
  0.58267      0.21433E-01   30.469       0.0000    
  0.62278      0.20238E-01   29.013       0.0000    
  0.66150      0.19196E-01   27.753       0.0000    
  0.69868      0.18286E-01   26.658       0.0000    
  0.73416      0.17490E-01   25.702       0.0000    
  0.76783      0.16794E-01   24.867       0.0000    
  0.79956      0.16184E-01   24.137       0.0000    
  0.82925      0.15650E-01   23.498       0.0000    
  0.85680      0.15185E-01   22.939       0.0000    
  0.88212      0.14780E-01   22.452       0.0000    
  0.90514      0.14429E-01   22.031       0.0000    
  0.92577      0.14127E-01   21.668       0.0000    
  0.94397      0.13873E-01   21.360       0.0000    
  0.95967      0.13659E-01   21.102       0.0000    
  0.97282      0.13485E-01   20.891       0.0000    
  0.98340      0.13349E-01   20.725       0.0000    
  0.99135      0.13248E-01   20.602       0.0000    
  0.99667      0.13180E-01   20.521       0.0000    
  0.99933      0.13148E-01   20.481       0.0000    
!      URDuct
   1.0500    
