XROTOR VERSION:  7.55
Designed blade                  
!         Rho          Vso          Rmu           Alt
   1.1690       338.00      0.17645E-04  0.50000    
!         Rad          Vel          Adv          Rake
  0.30000       27.000      0.42972       0.0000    
!         XI0          XIW
  0.20000      0.20000    
!  Naero
     1
!   Xisection
   0.0000    
!       A0deg        dCLdA        CLmax         CLmin
   0.0000       6.2800       1.5000     -0.50000    
!  dCLdAstall     dCLstall      Cmconst         Mcrit
  0.10000      0.10000     -0.10000      0.80000    
!       CDmin      CLCDmin     dCDdCL^2
  0.13000E-01  0.50000      0.40000E-02
!       REref        REexp
  0.20000E+06 -0.40000    
!LVDuct  LDuct   LWind
  T       T       F
!   II Nblds
    30    11
!         r/R          C/R     Beta0deg         Ubody
  0.20323      0.90286E-01   72.282       0.0000    
  0.21558      0.89446E-01   70.747       0.0000    
  0.23834      0.87822E-01   68.054       0.0000    
  0.26873      0.85540E-01   64.702       0.0000    
  0.30422      0.82774E-01   61.104       0.0000    
  0.34292      0.79712E-01   57.530       0.0000    
  0.38348      0.76521E-01   54.130       0.0000    
  0.42499      0.73333E-01   50.981       0.0000    
  0.46680      0.70240E-01   48.111       0.0000    
  0.50843      0.67303E-01   45.520       0.0000    
  0.54952      0.64558E-01   43.196       0.0000    
  0.58977      0.62020E-01   41.120       0.0000    
  0.62894      0.59694E-01   39.268       0.0000    
  0.66683      0.57574E-01   37.620       0.0000    
  0.70327      0.55653E-01   36.155       0.0000    
  0.73810      0.53919E-01   34.853       0.0000    
  0.77119      0.52359E-01   33.697       0.0000    
  0.80239      0.50962E-01   32.674       0.0000    
  0.83161      0.49716E-01   31.769       0.0000    
  0.85875      0.48610E-01   30.972       0.0000    
  0.88370      0.47634E-01   30.273       0.0000    
  0.90639      0.46780E-01   29.665       0.0000    
  0.92674      0.46038E-01   29.139       0.0000    
  0.94470      0.45404E-01   28.691       0.0000    
  0.96019      0.44870E-01   28.315       0.0000    
  0.97317      0.44432E-01   28.007       0.0000    
  0.98361      0.44087E-01   27.765       0.0000    
  0.99146      0.43830E-01   27.585       0.0000    
  0.99671      0.43661E-01   27.467       0.0000    
  0.99934      0.43576E-01   27.408       0.0000    
!      URDuct
   1.0000    
