XROTOR VERSION:  7.55
Designed blade                  
!         Rho          Vso          Rmu           Alt
   1.1690       338.00      0.17645E-04  0.50000    
!         Rad          Vel          Adv          Rake
  0.30000       27.000      0.21486       0.0000    
!         XI0          XIW
  0.16667      0.16667    
!  Naero
     1
!   Xisection
   0.0000    
!       A0deg        dCLdA        CLmax         CLmin
   0.0000       6.2800       1.5000     -0.50000    
!  dCLdAstall     dCLstall      Cmconst         Mcrit
  0.10000      0.10000     -0.10000      0.80000    
!       CDmin      CLCDmin     dCDdCL^2
  0.13000E-01  0.50000      0.40000E-02
!       REref        REexp
  0.20000E+06 -0.40000    
!LVDuct  LDuct   LWind
  T       T       F
!   II Nblds
    30    12
!         r/R          C/R     Beta0deg         Ubody
  0.17057      0.47216E-01   68.120       0.0000    
  0.18522      0.45948E-01   65.372       0.0000    
  0.21153      0.43670E-01   60.918       0.0000    
  0.24565      0.40803E-01   55.923       0.0000    
  0.28451      0.37751E-01   51.109       0.0000    
  0.32605      0.34785E-01   46.788       0.0000    
  0.36900      0.32053E-01   43.035       0.0000    
  0.41250      0.29607E-01   39.822       0.0000    
  0.45598      0.27453E-01   37.084       0.0000    
  0.49904      0.25570E-01   34.748       0.0000    
  0.54135      0.23929E-01   32.750       0.0000    
  0.58267      0.22500E-01   31.033       0.0000    
  0.62278      0.21254E-01   29.552       0.0000    
  0.66150      0.20167E-01   28.269       0.0000    
  0.69868      0.19216E-01   27.153       0.0000    
  0.73416      0.18384E-01   26.180       0.0000    
  0.76783      0.17656E-01   25.329       0.0000    
  0.79956      0.17017E-01   24.585       0.0000    
  0.82925      0.16459E-01   23.934       0.0000    
  0.85680      0.15971E-01   23.365       0.0000    
  0.88212      0.15547E-01   22.869       0.0000    
  0.90514      0.15179E-01   22.440       0.0000    
  0.92577      0.14863E-01   22.071       0.0000    
  0.94397      0.14595E-01   21.756       0.0000    
  0.95967      0.14372E-01   21.494       0.0000    
  0.97282      0.14189E-01   21.279       0.0000    
  0.98340      0.14046E-01   21.110       0.0000    
  0.99135      0.13940E-01   20.985       0.0000    
  0.99667      0.13869E-01   20.903       0.0000    
  0.99933      0.13835E-01   20.862       0.0000    
!      URDuct
   1.0500    
