XROTOR VERSION:  7.55
Designed blade                  
!         Rho          Vso          Rmu           Alt
   1.1690       338.00      0.17645E-04  0.50000    
!         Rad          Vel          Adv          Rake
  0.30000       27.000      0.42972       0.0000    
!         XI0          XIW
  0.16667      0.16667    
!  Naero
     1
!   Xisection
   0.0000    
!       A0deg        dCLdA        CLmax         CLmin
   0.0000       6.2800       1.5000     -0.50000    
!  dCLdAstall     dCLstall      Cmconst         Mcrit
  0.10000      0.10000     -0.10000      0.80000    
!       CDmin      CLCDmin     dCDdCL^2
  0.13000E-01  0.50000      0.40000E-02
!       REref        REexp
  0.20000E+06 -0.40000    
!LVDuct  LDuct   LWind
  T       T       F
!   II Nblds
    30    12
!         r/R          C/R     Beta0deg         Ubody
  0.17057      0.72254E-01   75.608       0.0000    
  0.18522      0.71867E-01   73.747       0.0000    
  0.21153      0.71491E-01   70.568       0.0000    
  0.24565      0.71053E-01   66.734       0.0000    
  0.28451      0.70329E-01   62.726       0.0000    
  0.32605      0.69180E-01   58.822       0.0000    
  0.36900      0.67654E-01   55.163       0.0000    
  0.41250      0.65806E-01   51.810       0.0000    
  0.45598      0.63737E-01   48.779       0.0000    
  0.49904      0.61573E-01   46.059       0.0000    
  0.54135      0.59387E-01   43.633       0.0000    
  0.58267      0.57236E-01   41.474       0.0000    
  0.62278      0.55188E-01   39.555       0.0000    
  0.66150      0.53252E-01   37.853       0.0000    
  0.69868      0.51446E-01   36.342       0.0000    
  0.73416      0.49784E-01   35.003       0.0000    
  0.76783      0.48265E-01   33.817       0.0000    
  0.79956      0.46890E-01   32.768       0.0000    
  0.82925      0.45661E-01   31.842       0.0000    
  0.85680      0.44560E-01   31.027       0.0000    
  0.88212      0.43583E-01   30.314       0.0000    
  0.90514      0.42728E-01   29.692       0.0000    
  0.92577      0.41987E-01   29.156       0.0000    
  0.94397      0.41354E-01   28.699       0.0000    
  0.95967      0.40824E-01   28.316       0.0000    
  0.97282      0.40396E-01   28.002       0.0000    
  0.98340      0.40061E-01   27.755       0.0000    
  0.99135      0.39815E-01   27.571       0.0000    
  0.99667      0.39653E-01   27.450       0.0000    
  0.99933      0.39575E-01   27.390       0.0000    
!      URDuct
   1.0500    
