XROTOR VERSION:  7.55
Designed blade                  
!         Rho          Vso          Rmu           Alt
   1.1690       338.00      0.17645E-04  0.50000    
!         Rad          Vel          Adv          Rake
  0.30000       27.000      0.19987       0.0000    
!         XI0          XIW
  0.16667      0.16667    
!  Naero
     1
!   Xisection
   0.0000    
!       A0deg        dCLdA        CLmax         CLmin
   0.0000       6.2800       1.5000     -0.50000    
!  dCLdAstall     dCLstall      Cmconst         Mcrit
  0.10000      0.10000     -0.10000      0.80000    
!       CDmin      CLCDmin     dCDdCL^2
  0.13000E-01  0.50000      0.40000E-02
!       REref        REexp
  0.20000E+06 -0.40000    
!LVDuct  LDuct   LWind
  T       T       F
!   II Nblds
    30    12
!         r/R          C/R     Beta0deg         Ubody
  0.17057      0.74041E-01   62.389       0.0000    
  0.18522      0.72103E-01   59.643       0.0000    
  0.21153      0.68648E-01   55.204       0.0000    
  0.24565      0.64342E-01   50.253       0.0000    
  0.28451      0.59810E-01   45.518       0.0000    
  0.32605      0.55454E-01   41.291       0.0000    
  0.36900      0.51486E-01   37.644       0.0000    
  0.41250      0.47970E-01   34.535       0.0000    
  0.45598      0.44901E-01   31.895       0.0000    
  0.49904      0.42241E-01   29.649       0.0000    
  0.54135      0.39942E-01   27.731       0.0000    
  0.58267      0.37955E-01   26.085       0.0000    
  0.62278      0.36236E-01   24.665       0.0000    
  0.66150      0.34747E-01   23.436       0.0000    
  0.69868      0.33454E-01   22.367       0.0000    
  0.73416      0.32332E-01   21.435       0.0000    
  0.76783      0.31356E-01   20.620       0.0000    
  0.79956      0.30507E-01   19.907       0.0000    
  0.82925      0.29770E-01   19.283       0.0000    
  0.85680      0.29130E-01   18.737       0.0000    
  0.88212      0.28578E-01   18.263       0.0000    
  0.90514      0.28103E-01   17.851       0.0000    
  0.92577      0.27698E-01   17.497       0.0000    
  0.94397      0.27356E-01   17.196       0.0000    
  0.95967      0.27071E-01   16.945       0.0000    
  0.97282      0.26841E-01   16.739       0.0000    
  0.98340      0.26660E-01   16.578       0.0000    
  0.99135      0.26527E-01   16.458       0.0000    
  0.99667      0.26439E-01   16.379       0.0000    
  0.99933      0.26396E-01   16.340       0.0000    
!      URDuct
   1.0500    
