XROTOR VERSION:  7.55
Designed blade                  
!         Rho          Vso          Rmu           Alt
   1.1690       338.00      0.17645E-04  0.50000    
!         Rad          Vel          Adv          Rake
  0.30000       27.000      0.20962       0.0000    
!         XI0          XIW
  0.16667      0.16667    
!  Naero
     1
!   Xisection
   0.0000    
!       A0deg        dCLdA        CLmax         CLmin
   0.0000       6.2800       1.5000     -0.50000    
!  dCLdAstall     dCLstall      Cmconst         Mcrit
  0.10000      0.10000     -0.10000      0.80000    
!       CDmin      CLCDmin     dCDdCL^2
  0.13000E-01  0.50000      0.40000E-02
!       REref        REexp
  0.20000E+06 -0.40000    
!LVDuct  LDuct   LWind
  T       T       F
!   II Nblds
    30    12
!         r/R          C/R     Beta0deg         Ubody
  0.17057      0.10101       63.231       0.0000    
  0.18522      0.98176E-01   60.503       0.0000    
  0.21153      0.93117E-01   56.085       0.0000    
  0.24565      0.86810E-01   51.139       0.0000    
  0.28451      0.80137E-01   46.387       0.0000    
  0.32605      0.73697E-01   42.132       0.0000    
  0.36900      0.67795E-01   38.449       0.0000    
  0.41250      0.62542E-01   35.304       0.0000    
  0.45598      0.57927E-01   32.631       0.0000    
  0.49904      0.53910E-01   30.357       0.0000    
  0.54135      0.50413E-01   28.416       0.0000    
  0.58267      0.47376E-01   26.752       0.0000    
  0.62278      0.44730E-01   25.320       0.0000    
  0.66150      0.42426E-01   24.082       0.0000    
  0.69868      0.40412E-01   23.007       0.0000    
  0.73416      0.38653E-01   22.072       0.0000    
  0.76783      0.37112E-01   21.257       0.0000    
  0.79956      0.35762E-01   20.546       0.0000    
  0.82925      0.34585E-01   19.924       0.0000    
  0.85680      0.33553E-01   19.383       0.0000    
  0.88212      0.32659E-01   18.912       0.0000    
  0.90514      0.31884E-01   18.504       0.0000    
  0.92577      0.31218E-01   18.155       0.0000    
  0.94397      0.30652E-01   17.858       0.0000    
  0.95967      0.30181E-01   17.611       0.0000    
  0.97282      0.29796E-01   17.409       0.0000    
  0.98340      0.29494E-01   17.250       0.0000    
  0.99135      0.29271E-01   17.132       0.0000    
  0.99667      0.29123E-01   17.055       0.0000    
  0.99933      0.29049E-01   17.016       0.0000    
!      URDuct
   1.0500    
