XROTOR VERSION:  7.55
Designed blade                  
!         Rho          Vso          Rmu           Alt
   1.1690       338.00      0.17645E-04  0.50000    
!         Rad          Vel          Adv          Rake
  0.30000       27.000      0.39065       0.0000    
!         XI0          XIW
  0.16667      0.16667    
!  Naero
     1
!   Xisection
   0.0000    
!       A0deg        dCLdA        CLmax         CLmin
   0.0000       6.2800       1.5000     -0.50000    
!  dCLdAstall     dCLstall      Cmconst         Mcrit
  0.10000      0.10000     -0.10000      0.80000    
!       CDmin      CLCDmin     dCDdCL^2
  0.13000E-01  0.50000      0.40000E-02
!       REref        REexp
  0.20000E+06 -0.40000    
!LVDuct  LDuct   LWind
  T       T       F
!   II Nblds
    30    11
!         r/R          C/R     Beta0deg         Ubody
  0.17057      0.69864E-01   73.418       0.0000    
  0.18522      0.69354E-01   71.472       0.0000    
  0.21153      0.68742E-01   68.152       0.0000    
  0.24565      0.67993E-01   64.165       0.0000    
  0.28451      0.66931E-01   60.024       0.0000    
  0.32605      0.65462E-01   56.024       0.0000    
  0.36900      0.63662E-01   52.309       0.0000    
  0.41250      0.61598E-01   48.936       0.0000    
  0.45598      0.59377E-01   45.914       0.0000    
  0.49904      0.57116E-01   43.225       0.0000    
  0.54135      0.54880E-01   40.844       0.0000    
  0.58267      0.52718E-01   38.739       0.0000    
  0.62278      0.50685E-01   36.879       0.0000    
  0.66150      0.48784E-01   35.237       0.0000    
  0.69868      0.47027E-01   33.786       0.0000    
  0.73416      0.45422E-01   32.505       0.0000    
  0.76783      0.43965E-01   31.375       0.0000    
  0.79956      0.42651E-01   30.377       0.0000    
  0.82925      0.41483E-01   29.499       0.0000    
  0.85680      0.40441E-01   28.728       0.0000    
  0.88212      0.39518E-01   28.054       0.0000    
  0.90514      0.38713E-01   27.468       0.0000    
  0.92577      0.38016E-01   26.963       0.0000    
  0.94397      0.37422E-01   26.533       0.0000    
  0.95967      0.36926E-01   26.173       0.0000    
  0.97282      0.36525E-01   25.879       0.0000    
  0.98340      0.36212E-01   25.646       0.0000    
  0.99135      0.35982E-01   25.474       0.0000    
  0.99667      0.35830E-01   25.361       0.0000    
  0.99933      0.35757E-01   25.304       0.0000    
!      URDuct
   1.0500    
