XROTOR VERSION:  7.55
Designed blade                  
!         Rho          Vso          Rmu           Alt
   1.1690       338.00      0.17645E-04  0.50000    
!         Rad          Vel          Adv          Rake
  0.35000       27.000      0.33485       0.0000    
!         XI0          XIW
  0.17143      0.17143    
!  Naero
     1
!   Xisection
   0.0000    
!       A0deg        dCLdA        CLmax         CLmin
   0.0000       6.2800       1.5000     -0.50000    
!  dCLdAstall     dCLstall      Cmconst         Mcrit
  0.10000      0.10000     -0.10000      0.80000    
!       CDmin      CLCDmin     dCDdCL^2
  0.13000E-01  0.50000      0.40000E-02
!       REref        REexp
  0.20000E+06 -0.40000    
!LVDuct  LDuct   LWind
  T       T       F
!   II Nblds
    30    11
!         r/R          C/R     Beta0deg         Ubody
  0.17522      0.39421E-01   68.434       0.0000    
  0.18950      0.38849E-01   66.475       0.0000    
  0.21525      0.37773E-01   63.138       0.0000    
  0.24881      0.36318E-01   59.140       0.0000    
  0.28718      0.34637E-01   55.017       0.0000    
  0.32832      0.32865E-01   51.074       0.0000    
  0.37094      0.31104E-01   47.454       0.0000    
  0.41416      0.29422E-01   44.205       0.0000    
  0.45742      0.27855E-01   41.325       0.0000    
  0.50029      0.26419E-01   38.789       0.0000    
  0.54244      0.25118E-01   36.561       0.0000    
  0.58361      0.23947E-01   34.607       0.0000    
  0.62360      0.22899E-01   32.891       0.0000    
  0.66221      0.21963E-01   31.384       0.0000    
  0.69929      0.21129E-01   30.058       0.0000    
  0.73468      0.20388E-01   28.892       0.0000    
  0.76827      0.19730E-01   27.866       0.0000    
  0.79993      0.19147E-01   26.963       0.0000    
  0.82956      0.18632E-01   26.170       0.0000    
  0.85705      0.18179E-01   25.475       0.0000    
  0.88233      0.17782E-01   24.869       0.0000    
  0.90530      0.17436E-01   24.342       0.0000    
  0.92590      0.17138E-01   23.889       0.0000    
  0.94407      0.16884E-01   23.503       0.0000    
  0.95974      0.16671E-01   23.181       0.0000    
  0.97287      0.16497E-01   22.917       0.0000    
  0.98342      0.16360E-01   22.710       0.0000    
  0.99137      0.16258E-01   22.556       0.0000    
  0.99668      0.16191E-01   22.455       0.0000    
  0.99933      0.16157E-01   22.404       0.0000    
!      URDuct
   1.0500    
