XROTOR VERSION:  7.55
Designed blade                  
!         Rho          Vso          Rmu           Alt
   1.1690       338.00      0.17645E-04  0.50000    
!         Rad          Vel          Adv          Rake
  0.30000       27.000      0.39065       0.0000    
!         XI0          XIW
  0.16667      0.16667    
!  Naero
     1
!   Xisection
   0.0000    
!       A0deg        dCLdA        CLmax         CLmin
   0.0000       6.2800       1.5000     -0.50000    
!  dCLdAstall     dCLstall      Cmconst         Mcrit
  0.10000      0.10000     -0.10000      0.80000    
!       CDmin      CLCDmin     dCDdCL^2
  0.13000E-01  0.50000      0.40000E-02
!       REref        REexp
  0.20000E+06 -0.40000    
!LVDuct  LDuct   LWind
  T       T       F
!   II Nblds
    30    12
!         r/R          C/R     Beta0deg         Ubody
  0.17057      0.63736E-01   73.402       0.0000    
  0.18522      0.63266E-01   71.456       0.0000    
  0.21153      0.62704E-01   68.138       0.0000    
  0.24565      0.62020E-01   64.152       0.0000    
  0.28451      0.61051E-01   60.012       0.0000    
  0.32605      0.59720E-01   56.013       0.0000    
  0.36900      0.58074E-01   52.299       0.0000    
  0.41250      0.56190E-01   48.927       0.0000    
  0.45598      0.54162E-01   45.906       0.0000    
  0.49904      0.52104E-01   43.217       0.0000    
  0.54135      0.50064E-01   40.836       0.0000    
  0.58267      0.48090E-01   38.731       0.0000    
  0.62278      0.46238E-01   36.872       0.0000    
  0.66150      0.44500E-01   35.230       0.0000    
  0.69868      0.42900E-01   33.780       0.0000    
  0.73416      0.41436E-01   32.499       0.0000    
  0.76783      0.40106E-01   31.369       0.0000    
  0.79956      0.38908E-01   30.372       0.0000    
  0.82925      0.37841E-01   29.494       0.0000    
  0.85680      0.36890E-01   28.723       0.0000    
  0.88212      0.36047E-01   28.049       0.0000    
  0.90514      0.35315E-01   27.463       0.0000    
  0.92577      0.34680E-01   26.958       0.0000    
  0.94397      0.34137E-01   26.528       0.0000    
  0.95967      0.33684E-01   26.168       0.0000    
  0.97282      0.33319E-01   25.874       0.0000    
  0.98340      0.33032E-01   25.642       0.0000    
  0.99135      0.32823E-01   25.469       0.0000    
  0.99667      0.32685E-01   25.356       0.0000    
  0.99933      0.32618E-01   25.299       0.0000    
!      URDuct
   1.0500    
