XROTOR VERSION:  7.55
Designed blade                  
!         Rho          Vso          Rmu           Alt
   1.1690       338.00      0.17645E-04  0.50000    
!         Rad          Vel          Adv          Rake
  0.25000       27.000      0.51566       0.0000    
!         XI0          XIW
  0.20000      0.20000    
!  Naero
     1
!   Xisection
   0.0000    
!       A0deg        dCLdA        CLmax         CLmin
   0.0000       6.2800       1.5000     -0.50000    
!  dCLdAstall     dCLstall      Cmconst         Mcrit
  0.10000      0.10000     -0.10000      0.80000    
!       CDmin      CLCDmin     dCDdCL^2
  0.13000E-01  0.50000      0.40000E-02
!       REref        REexp
  0.20000E+06 -0.40000    
!LVDuct  LDuct   LWind
  T       T       F
!   II Nblds
    30    12
!         r/R          C/R     Beta0deg         Ubody
  0.20324      0.73583E-01   75.179       0.0000    
  0.21559      0.73409E-01   73.881       0.0000    
  0.23834      0.73462E-01   71.565       0.0000    
  0.26873      0.73627E-01   68.627       0.0000    
  0.30423      0.73591E-01   65.410       0.0000    
  0.34292      0.73203E-01   62.146       0.0000    
  0.38348      0.72357E-01   58.977       0.0000    
  0.42499      0.71135E-01   55.981       0.0000    
  0.46680      0.69596E-01   53.197       0.0000    
  0.50843      0.67858E-01   50.640       0.0000    
  0.54952      0.65993E-01   48.309       0.0000    
  0.58977      0.64074E-01   46.197       0.0000    
  0.62894      0.62196E-01   44.289       0.0000    
  0.66684      0.60367E-01   42.572       0.0000    
  0.70328      0.58613E-01   41.030       0.0000    
  0.73810      0.56988E-01   39.647       0.0000    
  0.77119      0.55455E-01   38.412       0.0000    
  0.80239      0.54063E-01   37.310       0.0000    
  0.83161      0.52810E-01   36.330       0.0000    
  0.85875      0.51669E-01   35.462       0.0000    
  0.88370      0.50658E-01   34.698       0.0000    
  0.90639      0.49761E-01   34.030       0.0000    
  0.92674      0.48984E-01   33.452       0.0000    
  0.94470      0.48319E-01   32.956       0.0000    
  0.96019      0.47752E-01   32.540       0.0000    
  0.97317      0.47294E-01   32.199       0.0000    
  0.98361      0.46939E-01   31.929       0.0000    
  0.99146      0.46681E-01   31.729       0.0000    
  0.99671      0.46504E-01   31.597       0.0000    
  0.99934      0.46420E-01   31.531       0.0000    
!      URDuct
   1.0500    
