XROTOR VERSION:  7.55
Designed blade                  
!         Rho          Vso          Rmu           Alt
   1.1690       338.00      0.17645E-04  0.50000    
!         Rad          Vel          Adv          Rake
  0.30000       27.000      0.40926       0.0000    
!         XI0          XIW
  0.16667      0.16667    
!  Naero
     1
!   Xisection
   0.0000    
!       A0deg        dCLdA        CLmax         CLmin
   0.0000       6.2800       1.5000     -0.50000    
!  dCLdAstall     dCLstall      Cmconst         Mcrit
  0.10000      0.10000     -0.10000      0.80000    
!       CDmin      CLCDmin     dCDdCL^2
  0.13000E-01  0.50000      0.40000E-02
!       REref        REexp
  0.20000E+06 -0.40000    
!LVDuct  LDuct   LWind
  T       T       F
!   II Nblds
    30    12
!         r/R          C/R     Beta0deg         Ubody
  0.17057      0.67799E-01   74.491       0.0000    
  0.18522      0.67365E-01   72.587       0.0000    
  0.21153      0.66887E-01   69.337       0.0000    
  0.24565      0.66319E-01   65.424       0.0000    
  0.28451      0.65461E-01   61.347       0.0000    
  0.32605      0.64222E-01   57.392       0.0000    
  0.36900      0.62622E-01   53.701       0.0000    
  0.41250      0.60746E-01   50.335       0.0000    
  0.45598      0.58688E-01   47.306       0.0000    
  0.49904      0.56580E-01   44.599       0.0000    
  0.54135      0.54466E-01   42.194       0.0000    
  0.58267      0.52404E-01   40.060       0.0000    
  0.62278      0.50451E-01   38.171       0.0000    
  0.66150      0.48613E-01   36.498       0.0000    
  0.69868      0.46912E-01   35.017       0.0000    
  0.73416      0.45354E-01   33.707       0.0000    
  0.76783      0.43929E-01   32.549       0.0000    
  0.79956      0.42645E-01   31.526       0.0000    
  0.82925      0.41499E-01   30.624       0.0000    
  0.85680      0.40478E-01   29.832       0.0000    
  0.88212      0.39572E-01   29.138       0.0000    
  0.90514      0.38784E-01   28.535       0.0000    
  0.92577      0.38100E-01   28.015       0.0000    
  0.94397      0.37513E-01   27.571       0.0000    
  0.95967      0.37023E-01   27.200       0.0000    
  0.97282      0.36626E-01   26.896       0.0000    
  0.98340      0.36315E-01   26.657       0.0000    
  0.99135      0.36091E-01   26.479       0.0000    
  0.99667      0.35941E-01   26.361       0.0000    
  0.99933      0.35868E-01   26.303       0.0000    
!      URDuct
   1.0500    
