XROTOR VERSION:  7.55
Designed blade                  
!         Rho          Vso          Rmu           Alt
   1.1690       338.00      0.17645E-04  0.50000    
!         Rad          Vel          Adv          Rake
  0.30000       27.000      0.42972       0.0000    
!         XI0          XIW
  0.20000      0.20000    
!  Naero
     1
!   Xisection
   0.0000    
!       A0deg        dCLdA        CLmax         CLmin
   0.0000       6.2800       1.5000     -0.50000    
!  dCLdAstall     dCLstall      Cmconst         Mcrit
  0.10000      0.10000     -0.10000      0.80000    
!       CDmin      CLCDmin     dCDdCL^2
  0.13000E-01  0.50000      0.40000E-02
!       REref        REexp
  0.20000E+06 -0.40000    
!LVDuct  LDuct   LWind
  T       T       F
!   II Nblds
    30    12
!         r/R          C/R     Beta0deg         Ubody
  0.20323      0.95581E-01   73.488       0.0000    
  0.21558      0.95223E-01   71.890       0.0000    
  0.23834      0.94469E-01   69.095       0.0000    
  0.26873      0.93311E-01   65.627       0.0000    
  0.30422      0.91807E-01   61.911       0.0000    
  0.34292      0.90061E-01   58.224       0.0000    
  0.38348      0.88186E-01   54.717       0.0000    
  0.42499      0.86287E-01   51.467       0.0000    
  0.46680      0.84444E-01   48.502       0.0000    
  0.50843      0.82713E-01   45.822       0.0000    
  0.54952      0.81130E-01   43.413       0.0000    
  0.58977      0.79713E-01   41.257       0.0000    
  0.62894      0.78470E-01   39.330       0.0000    
  0.66683      0.77400E-01   37.611       0.0000    
  0.70327      0.76495E-01   36.079       0.0000    
  0.73810      0.75744E-01   34.715       0.0000    
  0.77119      0.75135E-01   33.501       0.0000    
  0.80239      0.74654E-01   32.423       0.0000    
  0.83161      0.74285E-01   31.469       0.0000    
  0.85875      0.74013E-01   30.626       0.0000    
  0.88370      0.73824E-01   29.886       0.0000    
  0.90639      0.73703E-01   29.240       0.0000    
  0.92674      0.73637E-01   28.681       0.0000    
  0.94470      0.73611E-01   28.204       0.0000    
  0.96019      0.73613E-01   27.803       0.0000    
  0.97317      0.73634E-01   27.475       0.0000    
  0.98361      0.73662E-01   27.216       0.0000    
  0.99146      0.73691E-01   27.024       0.0000    
  0.99671      0.73713E-01   26.897       0.0000    
  0.99934      0.73726E-01   26.833       0.0000    
!      URDuct
   1.0000    
