XROTOR VERSION:  7.55
Designed blade                  
!         Rho          Vso          Rmu           Alt
   1.1690       338.00      0.17645E-04  0.50000    
!         Rad          Vel          Adv          Rake
  0.30000       27.000      0.19987       0.0000    
!         XI0          XIW
  0.16667      0.16667    
!  Naero
     1
!   Xisection
   0.0000    
!       A0deg        dCLdA        CLmax         CLmin
   0.0000       6.2800       1.5000     -0.50000    
!  dCLdAstall     dCLstall      Cmconst         Mcrit
  0.10000      0.10000     -0.10000      0.80000    
!       CDmin      CLCDmin     dCDdCL^2
  0.13000E-01  0.50000      0.40000E-02
!       REref        REexp
  0.20000E+06 -0.40000    
!LVDuct  LDuct   LWind
  T       T       F
!   II Nblds
    30    12
!         r/R          C/R     Beta0deg         Ubody
  0.17057      0.93896E-01   61.590       0.0000    
  0.18522      0.91087E-01   58.857       0.0000    
  0.21153      0.86119E-01   54.447       0.0000    
  0.24565      0.79986E-01   49.531       0.0000    
  0.28451      0.73576E-01   44.833       0.0000    
  0.32605      0.67455E-01   40.651       0.0000    
  0.36900      0.61895E-01   37.047       0.0000    
  0.41250      0.56976E-01   33.981       0.0000    
  0.45598      0.52683E-01   31.384       0.0000    
  0.49904      0.48960E-01   29.179       0.0000    
  0.54135      0.45735E-01   27.302       0.0000    
  0.58267      0.42940E-01   25.695       0.0000    
  0.62278      0.40513E-01   24.314       0.0000    
  0.66150      0.38403E-01   23.121       0.0000    
  0.69868      0.36563E-01   22.087       0.0000    
  0.73416      0.34956E-01   21.187       0.0000    
  0.76783      0.33551E-01   20.403       0.0000    
  0.79956      0.32322E-01   19.719       0.0000    
  0.82925      0.31248E-01   19.121       0.0000    
  0.85680      0.30311E-01   18.601       0.0000    
  0.88212      0.29497E-01   18.148       0.0000    
  0.90514      0.28793E-01   17.757       0.0000    
  0.92577      0.28188E-01   17.421       0.0000    
  0.94397      0.27675E-01   17.136       0.0000    
  0.95967      0.27247E-01   16.898       0.0000    
  0.97282      0.26898E-01   16.704       0.0000    
  0.98340      0.26624E-01   16.551       0.0000    
  0.99135      0.26421E-01   16.438       0.0000    
  0.99667      0.26287E-01   16.364       0.0000    
  0.99933      0.26220E-01   16.326       0.0000    
!      URDuct
   1.0500    
