XROTOR VERSION:  7.55
Designed blade                  
!         Rho          Vso          Rmu           Alt
   1.1690       338.00      0.17645E-04  0.50000    
!         Rad          Vel          Adv          Rake
  0.30000       27.000      0.21486       0.0000    
!         XI0          XIW
  0.20000      0.20000    
!  Naero
     1
!   Xisection
   0.0000    
!       A0deg        dCLdA        CLmax         CLmin
   0.0000       6.2800       1.5000     -0.50000    
!  dCLdAstall     dCLstall      Cmconst         Mcrit
  0.10000      0.10000     -0.10000      0.80000    
!       CDmin      CLCDmin     dCDdCL^2
  0.13000E-01  0.50000      0.40000E-02
!       REref        REexp
  0.20000E+06 -0.40000    
!LVDuct  LDuct   LWind
  T       T       F
!   II Nblds
    30    11
!         r/R          C/R     Beta0deg         Ubody
  0.20323      0.24899E-01   53.554       0.0000    
  0.21558      0.24349E-01   51.733       0.0000    
  0.23834      0.23366E-01   48.644       0.0000    
  0.26873      0.22131E-01   44.994       0.0000    
  0.30422      0.20813E-01   41.315       0.0000    
  0.34292      0.19531E-01   37.896       0.0000    
  0.38348      0.18351E-01   34.845       0.0000    
  0.42499      0.17297E-01   32.179       0.0000    
  0.46680      0.16374E-01   29.868       0.0000    
  0.50843      0.15575E-01   27.870       0.0000    
  0.54952      0.14886E-01   26.141       0.0000    
  0.58977      0.14295E-01   24.641       0.0000    
  0.62894      0.13788E-01   23.335       0.0000    
  0.66683      0.13355E-01   22.194       0.0000    
  0.70327      0.12986E-01   21.195       0.0000    
  0.73810      0.12670E-01   20.318       0.0000    
  0.77119      0.12402E-01   19.547       0.0000    
  0.80239      0.12174E-01   18.869       0.0000    
  0.83161      0.11982E-01   18.272       0.0000    
  0.85875      0.11819E-01   17.749       0.0000    
  0.88370      0.11683E-01   17.292       0.0000    
  0.90639      0.11570E-01   16.894       0.0000    
  0.92674      0.11476E-01   16.552       0.0000    
  0.94470      0.11400E-01   16.259       0.0000    
  0.96019      0.11338E-01   16.015       0.0000    
  0.97317      0.11290E-01   15.814       0.0000    
  0.98361      0.11253E-01   15.656       0.0000    
  0.99146      0.11226E-01   15.539       0.0000    
  0.99671      0.11208E-01   15.462       0.0000    
  0.99934      0.11200E-01   15.424       0.0000    
!      URDuct
   1.0000    
