XROTOR VERSION:  7.55
Designed blade                  
!         Rho          Vso          Rmu           Alt
   1.1690       338.00      0.17645E-04  0.50000    
!         Rad          Vel          Adv          Rake
  0.30000       27.000      0.19987       0.0000    
!         XI0          XIW
  0.16667      0.16667    
!  Naero
     1
!   Xisection
   0.0000    
!       A0deg        dCLdA        CLmax         CLmin
   0.0000       6.2800       1.5000     -0.50000    
!  dCLdAstall     dCLstall      Cmconst         Mcrit
  0.10000      0.10000     -0.10000      0.80000    
!       CDmin      CLCDmin     dCDdCL^2
  0.13000E-01  0.50000      0.40000E-02
!       REref        REexp
  0.20000E+06 -0.40000    
!LVDuct  LDuct   LWind
  T       T       F
!   II Nblds
    30    12
!         r/R          C/R     Beta0deg         Ubody
  0.17057      0.42524E-01   65.648       0.0000    
  0.18522      0.41261E-01   62.892       0.0000    
  0.21153      0.39027E-01   58.445       0.0000    
  0.24565      0.36260E-01   53.491       0.0000    
  0.28451      0.33368E-01   48.755       0.0000    
  0.32605      0.30602E-01   44.537       0.0000    
  0.36900      0.28087E-01   40.899       0.0000    
  0.41250      0.25860E-01   37.802       0.0000    
  0.45598      0.23916E-01   35.175       0.0000    
  0.49904      0.22230E-01   32.942       0.0000    
  0.54135      0.20768E-01   31.038       0.0000    
  0.58267      0.19500E-01   29.406       0.0000    
  0.62278      0.18400E-01   28.000       0.0000    
  0.66150      0.17442E-01   26.783       0.0000    
  0.69868      0.16606E-01   25.726       0.0000    
  0.73416      0.15878E-01   24.804       0.0000    
  0.76783      0.15240E-01   23.999       0.0000    
  0.79956      0.14682E-01   23.294       0.0000    
  0.82925      0.14194E-01   22.678       0.0000    
  0.85680      0.13769E-01   22.139       0.0000    
  0.88212      0.13400E-01   21.669       0.0000    
  0.90514      0.13080E-01   21.262       0.0000    
  0.92577      0.12805E-01   20.912       0.0000    
  0.94397      0.12572E-01   20.614       0.0000    
  0.95967      0.12378E-01   20.364       0.0000    
  0.97282      0.12219E-01   20.161       0.0000    
  0.98340      0.12095E-01   20.000       0.0000    
  0.99135      0.12003E-01   19.881       0.0000    
  0.99667      0.11942E-01   19.803       0.0000    
  0.99933      0.11912E-01   19.764       0.0000    
!      URDuct
   1.0500    
