XROTOR VERSION:  7.55
Designed blade                  
!         Rho          Vso          Rmu           Alt
   1.1690       338.00      0.17645E-04  0.50000    
!         Rad          Vel          Adv          Rake
  0.30000       27.000      0.19987       0.0000    
!         XI0          XIW
  0.16667      0.16667    
!  Naero
     1
!   Xisection
   0.0000    
!       A0deg        dCLdA        CLmax         CLmin
   0.0000       6.2800       1.5000     -0.50000    
!  dCLdAstall     dCLstall      Cmconst         Mcrit
  0.10000      0.10000     -0.10000      0.80000    
!       CDmin      CLCDmin     dCDdCL^2
  0.13000E-01  0.50000      0.40000E-02
!       REref        REexp
  0.20000E+06 -0.40000    
!LVDuct  LDuct   LWind
  T       T       F
!   II Nblds
    30    12
!         r/R          C/R     Beta0deg         Ubody
  0.17057      0.72061E-01   62.675       0.0000    
  0.18522      0.69912E-01   59.932       0.0000    
  0.21153      0.66110E-01   55.507       0.0000    
  0.24565      0.61413E-01   50.577       0.0000    
  0.28451      0.56500E-01   45.864       0.0000    
  0.32605      0.51807E-01   41.668       0.0000    
  0.36900      0.47541E-01   38.051       0.0000    
  0.41250      0.43767E-01   34.975       0.0000    
  0.45598      0.40472E-01   32.367       0.0000    
  0.49904      0.37614E-01   30.153       0.0000    
  0.54135      0.35137E-01   28.267       0.0000    
  0.58267      0.32991E-01   26.652       0.0000    
  0.62278      0.31128E-01   25.263       0.0000    
  0.66150      0.29507E-01   24.062       0.0000    
  0.69868      0.28094E-01   23.021       0.0000    
  0.73416      0.26859E-01   22.115       0.0000    
  0.76783      0.25780E-01   21.324       0.0000    
  0.79956      0.24836E-01   20.634       0.0000    
  0.82925      0.24012E-01   20.031       0.0000    
  0.85680      0.23292E-01   19.506       0.0000    
  0.88212      0.22666E-01   19.048       0.0000    
  0.90514      0.22125E-01   18.652       0.0000    
  0.92577      0.21661E-01   18.313       0.0000    
  0.94397      0.21267E-01   18.024       0.0000    
  0.95967      0.20938E-01   17.783       0.0000    
  0.97282      0.20669E-01   17.586       0.0000    
  0.98340      0.20459E-01   17.431       0.0000    
  0.99135      0.20303E-01   17.317       0.0000    
  0.99667      0.20200E-01   17.241       0.0000    
  0.99933      0.20149E-01   17.203       0.0000    
!      URDuct
   1.0500    
