XROTOR VERSION:  7.55
Designed blade                  
!         Rho          Vso          Rmu           Alt
   1.1690       338.00      0.17645E-04  0.50000    
!         Rad          Vel          Adv          Rake
  0.30000       27.000      0.42972       0.0000    
!         XI0          XIW
  0.16667      0.16667    
!  Naero
     1
!   Xisection
   0.0000    
!       A0deg        dCLdA        CLmax         CLmin
   0.0000       6.2800       1.5000     -0.50000    
!  dCLdAstall     dCLstall      Cmconst         Mcrit
  0.10000      0.10000     -0.10000      0.80000    
!       CDmin      CLCDmin     dCDdCL^2
  0.13000E-01  0.50000      0.40000E-02
!       REref        REexp
  0.20000E+06 -0.40000    
!LVDuct  LDuct   LWind
  T       T       F
!   II Nblds
    30    12
!         r/R          C/R     Beta0deg         Ubody
  0.17057      0.40817E-01   73.950       0.0000    
  0.18522      0.40579E-01   72.192       0.0000    
  0.21153      0.40342E-01   69.162       0.0000    
  0.24565      0.40068E-01   65.472       0.0000    
  0.28451      0.39630E-01   61.586       0.0000    
  0.32605      0.38965E-01   57.780       0.0000    
  0.36900      0.38079E-01   54.202       0.0000    
  0.41250      0.37016E-01   50.915       0.0000    
  0.45598      0.35836E-01   47.940       0.0000    
  0.49904      0.34603E-01   45.269       0.0000    
  0.54135      0.33358E-01   42.885       0.0000    
  0.58267      0.32134E-01   40.763       0.0000    
  0.62278      0.30976E-01   38.877       0.0000    
  0.66150      0.29880E-01   37.203       0.0000    
  0.69868      0.28861E-01   35.719       0.0000    
  0.73416      0.27925E-01   34.402       0.0000    
  0.76783      0.27064E-01   33.237       0.0000    
  0.79956      0.26289E-01   32.206       0.0000    
  0.82925      0.25596E-01   31.295       0.0000    
  0.85680      0.24977E-01   30.495       0.0000    
  0.88212      0.24428E-01   29.793       0.0000    
  0.90514      0.23948E-01   29.183       0.0000    
  0.92577      0.23532E-01   28.656       0.0000    
  0.94397      0.23176E-01   28.206       0.0000    
  0.95967      0.22877E-01   27.830       0.0000    
  0.97282      0.22635E-01   27.522       0.0000    
  0.98340      0.22448E-01   27.279       0.0000    
  0.99135      0.22310E-01   27.098       0.0000    
  0.99667      0.22217E-01   26.979       0.0000    
  0.99933      0.22173E-01   26.920       0.0000    
!      URDuct
   1.0500    
