XROTOR VERSION:  7.55
Designed blade                  
!         Rho          Vso          Rmu           Alt
   1.1690       338.00      0.17645E-04  0.50000    
!         Rad          Vel          Adv          Rake
  0.30000       27.000      0.20962       0.0000    
!         XI0          XIW
  0.16667      0.16667    
!  Naero
     1
!   Xisection
   0.0000    
!       A0deg        dCLdA        CLmax         CLmin
   0.0000       6.2800       1.5000     -0.50000    
!  dCLdAstall     dCLstall      Cmconst         Mcrit
  0.10000      0.10000     -0.10000      0.80000    
!       CDmin      CLCDmin     dCDdCL^2
  0.13000E-01  0.50000      0.40000E-02
!       REref        REexp
  0.20000E+06 -0.40000    
!LVDuct  LDuct   LWind
  T       T       F
!   II Nblds
    30    12
!         r/R          C/R     Beta0deg         Ubody
  0.17057      0.80578E-01   63.872       0.0000    
  0.18522      0.78779E-01   61.124       0.0000    
  0.21153      0.75518E-01   56.673       0.0000    
  0.24565      0.71392E-01   51.682       0.0000    
  0.28451      0.66975E-01   46.878       0.0000    
  0.32605      0.62685E-01   42.570       0.0000    
  0.36900      0.58742E-01   38.830       0.0000    
  0.41250      0.55236E-01   35.627       0.0000    
  0.45598      0.52168E-01   32.896       0.0000    
  0.49904      0.49509E-01   30.565       0.0000    
  0.54135      0.47219E-01   28.568       0.0000    
  0.58267      0.45257E-01   26.849       0.0000    
  0.62278      0.43569E-01   25.364       0.0000    
  0.66150      0.42119E-01   24.076       0.0000    
  0.69868      0.40881E-01   22.953       0.0000    
  0.73416      0.39820E-01   21.972       0.0000    
  0.76783      0.38909E-01   21.114       0.0000    
  0.79956      0.38132E-01   20.362       0.0000    
  0.82925      0.37468E-01   19.704       0.0000    
  0.85680      0.36908E-01   19.127       0.0000    
  0.88212      0.36433E-01   18.625       0.0000    
  0.90514      0.36031E-01   18.190       0.0000    
  0.92577      0.35698E-01   17.815       0.0000    
  0.94397      0.35420E-01   17.497       0.0000    
  0.95967      0.35197E-01   17.230       0.0000    
  0.97282      0.35019E-01   17.012       0.0000    
  0.98340      0.34881E-01   16.841       0.0000    
  0.99135      0.34781E-01   16.714       0.0000    
  0.99667      0.34717E-01   16.630       0.0000    
  0.99933      0.34684E-01   16.588       0.0000    
!      URDuct
   1.0500    
