XROTOR VERSION:  7.55
Designed blade                  
!         Rho          Vso          Rmu           Alt
   1.1690       338.00      0.17645E-04  0.50000    
!         Rad          Vel          Adv          Rake
  0.30000       27.000      0.35810       0.0000    
!         XI0          XIW
  0.16667      0.16667    
!  Naero
     1
!   Xisection
   0.0000    
!       A0deg        dCLdA        CLmax         CLmin
   0.0000       6.2800       1.5000     -0.50000    
!  dCLdAstall     dCLstall      Cmconst         Mcrit
  0.10000      0.10000     -0.10000      0.80000    
!       CDmin      CLCDmin     dCDdCL^2
  0.13000E-01  0.50000      0.40000E-02
!       REref        REexp
  0.20000E+06 -0.40000    
!LVDuct  LDuct   LWind
  T       T       F
!   II Nblds
    30    12
!         r/R          C/R     Beta0deg         Ubody
  0.17057      0.56608E-01   71.300       0.0000    
  0.18522      0.56078E-01   69.276       0.0000    
  0.21153      0.55374E-01   65.832       0.0000    
  0.24565      0.54506E-01   61.716       0.0000    
  0.28451      0.53362E-01   57.471       0.0000    
  0.32605      0.51916E-01   53.407       0.0000    
  0.36900      0.50216E-01   49.667       0.0000    
  0.41250      0.48350E-01   46.301       0.0000    
  0.45598      0.46401E-01   43.310       0.0000    
  0.49904      0.44471E-01   40.668       0.0000    
  0.54135      0.42589E-01   38.344       0.0000    
  0.58267      0.40793E-01   36.302       0.0000    
  0.62278      0.39121E-01   34.507       0.0000    
  0.66150      0.37571E-01   32.928       0.0000    
  0.69868      0.36152E-01   31.540       0.0000    
  0.73416      0.34865E-01   30.317       0.0000    
  0.76783      0.33697E-01   29.241       0.0000    
  0.79956      0.32652E-01   28.294       0.0000    
  0.82925      0.31724E-01   27.462       0.0000    
  0.85680      0.30901E-01   26.733       0.0000    
  0.88212      0.30174E-01   26.096       0.0000    
  0.90514      0.29544E-01   25.544       0.0000    
  0.92577      0.28999E-01   25.068       0.0000    
  0.94397      0.28532E-01   24.663       0.0000    
  0.95967      0.28142E-01   24.324       0.0000    
  0.97282      0.27827E-01   24.047       0.0000    
  0.98340      0.27581E-01   23.829       0.0000    
  0.99135      0.27403E-01   23.667       0.0000    
  0.99667      0.27284E-01   23.560       0.0000    
  0.99933      0.27227E-01   23.507       0.0000    
!      URDuct
   1.0500    
