Designed blade                  
  n         V/wR         Btip            V          rpm          rho       mu*1e5       Vsound            h        P(kW)         T(N)       Q(N-m)          eff
----------------------------------------------------------------------------------------------------------------------------------------------------------------
  1  0.50000E-01   27.408       27.000       17189.       1.1690       1.7645       338.00      0.50000    
  2  0.60000E-01   27.408       27.000       14324.       1.1690       1.7645       338.00      0.50000       568.82       3274.7       379.21      0.15544    
  3  0.70000E-01   27.408       27.000       12278.       1.1690       1.7645       338.00      0.50000    
  4  0.80000E-01   27.408       27.000       10743.       1.1690       1.7645       338.00      0.50000    
  5  0.90000E-01   27.408       27.000       9549.3       1.1690       1.7645       338.00      0.50000       155.34       1939.7       155.34      0.33715    
  6  0.10000       27.408       27.000       8594.4       1.1690       1.7645       338.00      0.50000       109.21       1597.9       121.34      0.39505    
  7  0.11000       27.408       27.000       7813.1       1.1690       1.7645       338.00      0.50000       74.618       1263.6       91.200      0.45721    
  8  0.12000       27.408       27.000       7162.0       1.1690       1.7645       338.00      0.50000       54.484       1010.5       72.645      0.50075    
  9  0.13000       27.408       27.000       6611.1       1.1690       1.7645       338.00      0.50000       41.691       821.97       60.220      0.53233    
 10  0.14000       27.408       27.000       6138.8       1.1690       1.7645       338.00      0.50000       32.774       678.48       50.981      0.55895    
 11  0.15000       27.408       27.000       5729.6       1.1690       1.7645       338.00      0.50000       26.244       566.99       43.740      0.58333    
 12  0.16000       27.408       27.000       5371.5       1.1690       1.7645       338.00      0.50000       21.332       478.76       37.924      0.60595    
 13  0.17000       27.408       27.000       5055.5       1.1690       1.7645       338.00      0.50000       17.562       407.82       33.172      0.62700    
 14  0.18000       27.408       27.000       4774.6       1.1690       1.7645       338.00      0.50000       14.616       350.01       29.232      0.64658    
 15  0.19000       27.408       27.000       4523.4       1.1690       1.7645       338.00      0.50000       12.279       302.36       25.923      0.66483    
 16  0.20000       27.408       27.000       4297.2       1.1690       1.7645       338.00      0.50000       10.401       262.67       23.114      0.68185    
 17  0.21000       27.408       27.000       4092.6       1.1690       1.7645       338.00      0.50000       8.8741       229.32       20.706      0.69771    
 18  0.22000       27.408       27.000       3906.5       1.1690       1.7645       338.00      0.50000       7.6188       201.05       18.624      0.71250    
 19  0.23000       27.408       27.000       3736.7       1.1690       1.7645       338.00      0.50000       6.5772       176.92       16.808      0.72628    
 20  0.24000       27.408       27.000       3581.0       1.1690       1.7645       338.00      0.50000       5.7056       156.19       15.215      0.73912    
 21  0.25000       27.408       27.000       3437.7       1.1690       1.7645       338.00      0.50000       4.9705       138.26       13.807      0.75106    
 22  0.26000       27.408       27.000       3305.5       1.1690       1.7645       338.00      0.50000       4.3461       122.68       12.555      0.76214    
 23  0.27000       27.408       27.000       3183.1       1.1690       1.7645       338.00      0.50000       3.8122       109.06       11.437      0.77241    
 24  0.28000       27.408       27.000       3069.4       1.1690       1.7645       338.00      0.50000       3.3530       97.097       10.431      0.78189    
 25  0.29000       27.408       27.000       2963.6       1.1690       1.7645       338.00      0.50000       2.9557       86.547       9.5239      0.79059    
 26  0.30000       27.408       27.000       2864.8       1.1690       1.7645       338.00      0.50000       2.6103       77.202       8.7010      0.79855    
 27  0.31000       27.408       27.000       2772.4       1.1690       1.7645       338.00      0.50000       2.3086       68.894       7.9517      0.80575    
 28  0.32000       27.408       27.000       2685.7       1.1690       1.7645       338.00      0.50000       2.0437       61.479       7.2667      0.81221    
 29  0.33000       27.408       27.000       2604.4       1.1690       1.7645       338.00      0.50000       1.8104       54.840       6.6381      0.81789    
 30  0.34000       27.408       27.000       2527.8       1.1690       1.7645       338.00      0.50000       1.6039       48.877       6.0593      0.82277    
 31  0.35000       27.408       27.000       2455.5       1.1690       1.7645       338.00      0.50000       1.4206       43.504       5.5247      0.82682    
 32  0.36000       27.408       27.000       2387.3       1.1690       1.7645       338.00      0.50000       1.2573       38.649       5.0292      0.82997    
 33  0.37000       27.408       27.000       2322.8       1.1690       1.7645       338.00      0.50000       1.1113       34.251       4.5688      0.83214    
 34  0.38000       27.408       27.000       2261.7       1.1690       1.7645       338.00      0.50000      0.98046       30.257       4.1397      0.83321    
 35  0.39000       27.408       27.000       2203.7       1.1690       1.7645       338.00      0.50000      0.86279       26.620       3.7388      0.83304    
 36  0.40000       27.408       27.000       2148.6       1.1690       1.7645       338.00      0.50000      0.75672       23.301       3.3632      0.83139    
