Designed blade                  
  n         V/wR         Btip            V          rpm          rho       mu*1e5       Vsound            h        P(kW)         T(N)       Q(N-m)          eff
----------------------------------------------------------------------------------------------------------------------------------------------------------------
  1  0.10000       31.531       27.000       10313.       1.1690       1.7645       338.00      0.50000    
  2  0.12000       31.531       27.000       8594.4       1.1690       1.7645       338.00      0.50000       54.745       914.72       60.827      0.45114    
  3  0.14000       31.531       27.000       7366.6       1.1690       1.7645       338.00      0.50000       33.056       622.49       42.850      0.50845    
  4  0.16000       31.531       27.000       6445.8       1.1690       1.7645       338.00      0.50000       21.682       443.34       32.122      0.55206    
  5  0.18000       31.531       27.000       5729.6       1.1690       1.7645       338.00      0.50000       14.959       326.92       24.932      0.59006    
  6  0.20000       31.531       27.000       5156.6       1.1690       1.7645       338.00      0.50000       10.722       247.54       19.855      0.62338    
  7  0.22000       31.531       27.000       4687.8       1.1690       1.7645       338.00      0.50000       7.9149       191.33       16.123      0.65269    
  8  0.24000       31.531       27.000       4297.2       1.1690       1.7645       338.00      0.50000       5.9811       150.30       13.291      0.67850    
  9  0.26000       31.531       27.000       3966.6       1.1690       1.7645       338.00      0.50000       4.6046       119.59       11.085      0.70122    
 10  0.28000       31.531       27.000       3683.3       1.1690       1.7645       338.00      0.50000       3.5977       96.098       9.3274      0.72119    
 11  0.30000       31.531       27.000       3437.7       1.1690       1.7645       338.00      0.50000       2.8440       77.806       7.9001      0.73866    
 12  0.32000       31.531       27.000       3222.9       1.1690       1.7645       338.00      0.50000       2.2685       63.332       6.7213      0.75381    
 13  0.34000       31.531       27.000       3033.3       1.1690       1.7645       338.00      0.50000       1.8212       51.718       5.7334      0.76675    
 14  0.36000       31.531       27.000       2864.8       1.1690       1.7645       338.00      0.50000       1.4683       42.283       4.8944      0.77752    
 15  0.38000       31.531       27.000       2714.0       1.1690       1.7645       338.00      0.50000       1.1861       34.532       4.1734      0.78607    
 16  0.40000       31.531       27.000       2578.3       1.1690       1.7645       338.00      0.50000      0.95775       28.102       3.5472      0.79222    
