Designed blade                  
  n         V/wR         Btip            V          rpm          rho       mu*1e5       Vsound            h        P(kW)         T(N)       Q(N-m)          eff
----------------------------------------------------------------------------------------------------------------------------------------------------------------
  1  0.21221E-01   31.531       1.0000       1800.0       1.1690       1.7645       338.00      0.50000      0.44663       49.351       2.3694      0.11050    
  2  0.19099E-01   31.531       1.0000       2000.0       1.1690       1.7645       338.00      0.50000    
  3  0.17362E-01   31.531       1.0000       2200.0       1.1690       1.7645       338.00      0.50000    
  4  0.15915E-01   31.531       1.0000       2400.0       1.1690       1.7645       338.00      0.50000    
  5  0.14691E-01   31.531       1.0000       2600.0       1.1690       1.7645       338.00      0.50000       1.3420       105.53       4.9289      0.78639E-01
  6  0.13642E-01   31.531       1.0000       2800.0       1.1690       1.7645       338.00      0.50000       1.6761       122.93       5.7164      0.73344E-01
  7  0.12732E-01   31.531       1.0000       3000.0       1.1690       1.7645       338.00      0.50000    
  8  0.11937E-01   31.531       1.0000       3200.0       1.1690       1.7645       338.00      0.50000    
  9  0.11234E-01   31.531       1.0000       3400.0       1.1690       1.7645       338.00      0.50000       3.0050       183.30       8.4400      0.60998E-01
 10  0.10610E-01   31.531       1.0000       3600.0       1.1690       1.7645       338.00      0.50000    
 11  0.10052E-01   31.531       1.0000       3800.0       1.1690       1.7645       338.00      0.50000       4.2030       230.43       10.562      0.54824E-01
 12  0.95493E-02   31.531       1.0000       4000.0       1.1690       1.7645       338.00      0.50000       4.9079       256.08       11.717      0.52178E-01
 13  0.90946E-02   31.531       1.0000       4200.0       1.1690       1.7645       338.00      0.50000       5.6891       283.15       12.935      0.49770E-01
 14  0.86812E-02   31.531       1.0000       4400.0       1.1690       1.7645       338.00      0.50000       6.5510       311.64       14.218      0.47571E-01
 15  0.83037E-02   31.531       1.0000       4600.0       1.1690       1.7645       338.00      0.50000       7.4978       341.56       15.565      0.45554E-01
 16  0.79577E-02   31.531       1.0000       4800.0       1.1690       1.7645       338.00      0.50000       8.5343       372.92       16.978      0.43697E-01
 17  0.76394E-02   31.531       1.0000       5000.0       1.1690       1.7645       338.00      0.50000       9.6650       405.74       18.459      0.41981E-01
 18  0.73456E-02   31.531       1.0000       5200.0       1.1690       1.7645       338.00      0.50000       10.895       440.04       20.007      0.40391E-01
 19  0.70736E-02   31.531       1.0000       5400.0       1.1690       1.7645       338.00      0.50000       12.228       475.83       21.624      0.38913E-01
 20  0.68209E-02   31.531       1.0000       5600.0       1.1690       1.7645       338.00      0.50000       13.670       513.12       23.311      0.37535E-01
 21  0.65857E-02   31.531       1.0000       5800.0       1.1690       1.7645       338.00      0.50000       15.227       551.93       25.069      0.36248E-01
 22  0.63662E-02   31.531       1.0000       6000.0       1.1690       1.7645       338.00      0.50000       16.902       592.28       26.900      0.35042E-01
 23  0.61608E-02   31.531       1.0000       6200.0       1.1690       1.7645       338.00      0.50000       18.702       634.18       28.805      0.33910E-01
 24  0.59683E-02   31.531       1.0000       6400.0       1.1690       1.7645       338.00      0.50000       20.632       677.67       30.785      0.32845E-01
 25  0.57875E-02   31.531       1.0000       6600.0       1.1690       1.7645       338.00      0.50000       22.699       722.75       32.842      0.31841E-01
 26  0.56172E-02   31.531       1.0000       6800.0       1.1690       1.7645       338.00      0.50000       24.907       769.45       34.977      0.30893E-01
 27  0.54567E-02   31.531       1.0000       7000.0       1.1690       1.7645       338.00      0.50000       27.264       817.80       37.193      0.29995E-01
 28  0.53052E-02   31.531       1.0000       7200.0       1.1690       1.7645       338.00      0.50000       29.779       867.80       39.495      0.29141E-01
 29  0.51618E-02   31.531       1.0000       7400.0       1.1690       1.7645       338.00      0.50000       32.462       919.48       41.890      0.28325E-01
 30  0.50259E-02   31.531       1.0000       7600.0       1.1690       1.7645       338.00      0.50000       35.326       972.84       44.387      0.27539E-01
 31  0.48971E-02   31.531       1.0000       7800.0       1.1690       1.7645       338.00      0.50000       38.390       1027.9       46.999      0.26775E-01
 32  0.47746E-02   31.531       1.0000       8000.0       1.1690       1.7645       338.00      0.50000       41.672       1084.6       49.742      0.26028E-01
 33  0.46582E-02   31.531       1.0000       8200.0       1.1690       1.7645       338.00      0.50000       45.197       1143.1       52.634      0.25291E-01
 34  0.45473E-02   31.531       1.0000       8400.0       1.1690       1.7645       338.00      0.50000       48.994       1203.2       55.697      0.24558E-01
 35  0.44415E-02   31.531       1.0000       8600.0       1.1690       1.7645       338.00      0.50000       53.096       1265.0       58.957      0.23824E-01
 36  0.43406E-02   31.531       1.0000       8800.0       1.1690       1.7645       338.00      0.50000       57.545       1328.3       62.445      0.23083E-01
 37  0.42441E-02   31.531       1.0000       9000.0       1.1690       1.7645       338.00      0.50000       62.385       1393.3       66.193      0.22334E-01
