Designed blade                  
  n         V/wR         Btip            V          rpm          rho       mu*1e5       Vsound            h        P(kW)         T(N)       Q(N-m)          eff
----------------------------------------------------------------------------------------------------------------------------------------------------------------
  1  0.38197E-01   31.531       2.0000       2000.0       1.1690       1.7645       338.00      0.50000    
  2  0.76395E-01   31.531       4.0000       2000.0       1.1690       1.7645       338.00      0.50000      0.61950       51.648       2.9579      0.33348    
  3  0.11459       31.531       6.0000       2000.0       1.1690       1.7645       338.00      0.50000      0.62403       46.346       2.9795      0.44561    
  4  0.15279       31.531       8.0000       2000.0       1.1690       1.7645       338.00      0.50000      0.62310       41.521       2.9751      0.53309    
  5  0.19099       31.531       10.000       2000.0       1.1690       1.7645       338.00      0.50000      0.61566       37.076       2.9396      0.60221    
  6  0.22918       31.531       12.000       2000.0       1.1690       1.7645       338.00      0.50000      0.60194       32.963       2.8741      0.65713    
  7  0.26738       31.531       14.000       2000.0       1.1690       1.7645       338.00      0.50000      0.58157       29.111       2.7768      0.70077    
  8  0.30558       31.531       16.000       2000.0       1.1690       1.7645       338.00      0.50000      0.55383       25.446       2.6444      0.73513    
  9  0.34378       31.531       18.000       2000.0       1.1690       1.7645       338.00      0.50000      0.51780       21.903       2.4723      0.76141    
 10  0.38197       31.531       20.000       2000.0       1.1690       1.7645       338.00      0.50000      0.47249       18.425       2.2560      0.77992    
 11  0.42017       31.531       22.000       2000.0       1.1690       1.7645       338.00      0.50000      0.41695       14.967       1.9908      0.78972    
 12  0.45837       31.531       24.000       2000.0       1.1690       1.7645       338.00      0.50000      0.35027       11.492       1.6724      0.78745    
 13  0.49657       31.531       26.000       2000.0       1.1690       1.7645       338.00      0.50000      0.27163       7.9742       1.2969      0.76328    
 14  0.53476       31.531       28.000       2000.0       1.1690       1.7645       338.00      0.50000      0.18032       4.3920      0.86095      0.68200    
 15  0.57296       31.531       30.000       2000.0       1.1690       1.7645       338.00      0.50000      0.75731E-01  0.73201      0.36159      0.28998    
