Designed blade                  
  n         V/wR         Btip            V          rpm          rho       mu*1e5       Vsound            h        P(kW)         T(N)       Q(N-m)          eff
----------------------------------------------------------------------------------------------------------------------------------------------------------------
  1  0.21221E-04   26.833      0.10000E-02   1500.0       1.1690       1.7645       338.00      0.50000      0.61749       73.141       3.9311      0.11845E-03
  2  0.18724E-04   26.833      0.10000E-02   1700.0       1.1690       1.7645       338.00      0.50000      0.89779       94.041       5.0431      0.10475E-03
  3  0.16753E-04   26.833      0.10000E-02   1900.0       1.1690       1.7645       338.00      0.50000       1.2525       117.59       6.2948      0.93890E-04
  4  0.15158E-04   26.833      0.10000E-02   2100.0       1.1690       1.7645       338.00      0.50000       1.6905       143.81       7.6872      0.85071E-04
  5  0.13840E-04   26.833      0.10000E-02   2300.0       1.1690       1.7645       338.00      0.50000       2.2210       172.71       9.2212      0.77765E-04
  6  0.12732E-04   26.833      0.10000E-02   2500.0       1.1690       1.7645       338.00      0.50000       2.8531       204.31       10.898      0.71610E-04
  7  0.11789E-04   26.833      0.10000E-02   2700.0       1.1690       1.7645       338.00      0.50000       3.5962       238.62       12.719      0.66354E-04
  8  0.10976E-04   26.833      0.10000E-02   2900.0       1.1690       1.7645       338.00      0.50000       4.4599       275.67       14.686      0.61811E-04
  9  0.10268E-04   26.833      0.10000E-02   3100.0       1.1690       1.7645       338.00      0.50000       5.4538       315.48       16.800      0.57846E-04
 10  0.96458E-05   26.833      0.10000E-02   3300.0       1.1690       1.7645       338.00      0.50000       6.5877       358.06       19.063      0.54353E-04
 11  0.90946E-05   26.833      0.10000E-02   3500.0       1.1690       1.7645       338.00      0.50000       7.8719       403.45       21.477      0.51253E-04
 12  0.86030E-05   26.833      0.10000E-02   3700.0       1.1690       1.7645       338.00      0.50000       9.3166       451.68       24.045      0.48481E-04
 13  0.81618E-05   26.833      0.10000E-02   3900.0       1.1690       1.7645       338.00      0.50000       10.932       502.77       26.769      0.45989E-04
 14  0.77637E-05   26.833      0.10000E-02   4100.0       1.1690       1.7645       338.00      0.50000       12.730       556.76       29.650      0.43734E-04
 15  0.74026E-05   26.833      0.10000E-02   4300.0       1.1690       1.7645       338.00      0.50000       14.722       613.68       32.693      0.41685E-04
 16  0.70736E-05   26.833      0.10000E-02   4500.0       1.1690       1.7645       338.00      0.50000       16.918       673.57       35.901      0.39814E-04
 17  0.67726E-05   26.833      0.10000E-02   4700.0       1.1690       1.7645       338.00      0.50000       19.331       736.47       39.276      0.38099E-04
 18  0.64961E-05   26.833      0.10000E-02   4900.0       1.1690       1.7645       338.00      0.50000       21.973       802.44       42.822      0.36519E-04
 19  0.62414E-05   26.833      0.10000E-02   5100.0       1.1690       1.7645       338.00      0.50000       24.857       871.50       46.543      0.35060E-04
 20  0.60058E-05   26.833      0.10000E-02   5300.0       1.1690       1.7645       338.00      0.50000       27.997       943.73       50.444      0.33708E-04
 21  0.57875E-05   26.833      0.10000E-02   5500.0       1.1690       1.7645       338.00      0.50000       31.407       1019.2       54.529      0.32451E-04
 22  0.55844E-05   26.833      0.10000E-02   5700.0       1.1690       1.7645       338.00      0.50000       35.100       1097.9       58.804      0.31279E-04
 23  0.53951E-05   26.833      0.10000E-02   5900.0       1.1690       1.7645       338.00      0.50000       39.093       1180.0       63.274      0.30183E-04
 24  0.52182E-05   26.833      0.10000E-02   6100.0       1.1690       1.7645       338.00      0.50000       43.402       1265.4       67.944      0.29156E-04
 25  0.50525E-05   26.833      0.10000E-02   6300.0       1.1690       1.7645       338.00      0.50000       48.044       1354.4       72.823      0.28192E-04
 26  0.48971E-05   26.833      0.10000E-02   6500.0       1.1690       1.7645       338.00      0.50000    
 27  0.47509E-05   26.833      0.10000E-02   6700.0       1.1690       1.7645       338.00      0.50000    
 28  0.46132E-05   26.833      0.10000E-02   6900.0       1.1690       1.7645       338.00      0.50000    
 29  0.44832E-05   26.833      0.10000E-02   7100.0       1.1690       1.7645       338.00      0.50000    
