Designed blade                  
  n         V/wR         Btip            V          rpm          rho       mu*1e5       Vsound            h        P(kW)         T(N)       Q(N-m)          eff
----------------------------------------------------------------------------------------------------------------------------------------------------------------
  1  0.21221E-01   26.833       1.0000       1500.0       1.1690       1.7645       338.00      0.50000      0.61864       68.481       3.9384      0.11070    
  2  0.18724E-01   26.833       1.0000       1700.0       1.1690       1.7645       338.00      0.50000    
  3  0.16753E-01   26.833       1.0000       1900.0       1.1690       1.7645       338.00      0.50000    
  4  0.15158E-01   26.833       1.0000       2100.0       1.1690       1.7645       338.00      0.50000       1.6934       137.23       7.7005      0.81036E-01
  5  0.13840E-01   26.833       1.0000       2300.0       1.1690       1.7645       338.00      0.50000    
  6  0.12732E-01   26.833       1.0000       2500.0       1.1690       1.7645       338.00      0.50000    
  7  0.11789E-01   26.833       1.0000       2700.0       1.1690       1.7645       338.00      0.50000       3.5997       230.06       12.731      0.63911E-01
  8  0.10976E-01   26.833       1.0000       2900.0       1.1690       1.7645       338.00      0.50000       4.4640       266.45       14.699      0.59689E-01
  9  0.10268E-01   26.833       1.0000       3100.0       1.1690       1.7645       338.00      0.50000       5.4585       305.60       16.815      0.55986E-01
 10  0.96458E-02   26.833       1.0000       3300.0       1.1690       1.7645       338.00      0.50000       6.5932       347.53       19.079      0.52710E-01
 11  0.90946E-02   26.833       1.0000       3500.0       1.1690       1.7645       338.00      0.50000       7.8782       392.26       21.495      0.49791E-01
 12  0.86030E-02   26.833       1.0000       3700.0       1.1690       1.7645       338.00      0.50000       9.3238       439.83       24.064      0.47173E-01
 13  0.81618E-02   26.833       1.0000       3900.0       1.1690       1.7645       338.00      0.50000       10.941       490.26       26.789      0.44811E-01
 14  0.77637E-02   26.833       1.0000       4100.0       1.1690       1.7645       338.00      0.50000       12.740       543.59       29.672      0.42669E-01
 15  0.74026E-02   26.833       1.0000       4300.0       1.1690       1.7645       338.00      0.50000       14.732       599.84       32.716      0.40717E-01
 16  0.70736E-02   26.833       1.0000       4500.0       1.1690       1.7645       338.00      0.50000       16.929       659.07       35.925      0.38930E-01
 17  0.67726E-02   26.833       1.0000       4700.0       1.1690       1.7645       338.00      0.50000       19.344       721.30       39.302      0.37289E-01
 18  0.64961E-02   26.833       1.0000       4900.0       1.1690       1.7645       338.00      0.50000       21.987       786.60       42.850      0.35775E-01
 19  0.62414E-02   26.833       1.0000       5100.0       1.1690       1.7645       338.00      0.50000       24.873       854.99       46.573      0.34374E-01
 20  0.60058E-02   26.833       1.0000       5300.0       1.1690       1.7645       338.00      0.50000       28.015       926.55       50.476      0.33073E-01
 21  0.57875E-02   26.833       1.0000       5500.0       1.1690       1.7645       338.00      0.50000       31.426       1001.3       54.564      0.31862E-01
 22  0.55844E-02   26.833       1.0000       5700.0       1.1690       1.7645       338.00      0.50000       35.122       1079.4       58.841      0.30732E-01
 23  0.53951E-02   26.833       1.0000       5900.0       1.1690       1.7645       338.00      0.50000       39.117       1160.7       63.313      0.29673E-01
 24  0.52182E-02   26.833       1.0000       6100.0       1.1690       1.7645       338.00      0.50000       43.429       1245.6       67.986      0.28680E-01
 25  0.50525E-02   26.833       1.0000       6300.0       1.1690       1.7645       338.00      0.50000       48.073       1333.9       72.867      0.27746E-01
 26  0.48971E-02   26.833       1.0000       6500.0       1.1690       1.7645       338.00      0.50000    
 27  0.47509E-02   26.833       1.0000       6700.0       1.1690       1.7645       338.00      0.50000    
 28  0.46132E-02   26.833       1.0000       6900.0       1.1690       1.7645       338.00      0.50000    
 29  0.44832E-02   26.833       1.0000       7100.0       1.1690       1.7645       338.00      0.50000    
