Designed blade                  
  n         V/wR         Btip            V          rpm          rho       mu*1e5       Vsound            h        P(kW)         T(N)       Q(N-m)          eff
----------------------------------------------------------------------------------------------------------------------------------------------------------------
  1  0.10000       29.634       27.000       8594.4       1.1690       1.7645       338.00      0.50000    
  2  0.12500       29.634       27.000       6875.5       1.1690       1.7645       338.00      0.50000       59.714       1065.1       82.937      0.48161    
  3  0.15000       29.634       27.000       5729.6       1.1690       1.7645       338.00      0.50000       32.988       660.97       54.981      0.54098    
  4  0.17500       29.634       27.000       4911.1       1.1690       1.7645       338.00      0.50000       20.107       438.45       39.097      0.58876    
  5  0.20000       29.634       27.000       4297.2       1.1690       1.7645       338.00      0.50000       13.069       304.19       29.043      0.62843    
  6  0.22500       29.634       27.000       3819.7       1.1690       1.7645       338.00      0.50000       8.8884       217.78       22.221      0.66153    
  7  0.25000       29.634       27.000       3437.7       1.1690       1.7645       338.00      0.50000       6.2452       159.40       17.348      0.68913    
  8  0.27500       29.634       27.000       3125.2       1.1690       1.7645       338.00      0.50000       4.4909       118.42       13.722      0.71197    
  9  0.30000       29.634       27.000       2864.8       1.1690       1.7645       338.00      0.50000       3.2802       88.750       10.934      0.73052    
 10  0.32500       29.634       27.000       2644.4       1.1690       1.7645       338.00      0.50000       2.4174       66.700       8.7296      0.74496    
 11  0.35000       29.634       27.000       2455.5       1.1690       1.7645       338.00      0.50000       1.7860       49.948       6.9454      0.75511    
 12  0.37500       29.634       27.000       2291.8       1.1690       1.7645       338.00      0.50000       1.3132       36.978       5.4715      0.76031    
 13  0.40000       29.634       27.000       2148.6       1.1690       1.7645       338.00      0.50000      0.95227       26.770       4.2323      0.75902    
 14  0.42500       29.634       27.000       2022.2       1.1690       1.7645       338.00      0.50000      0.67220       18.619       3.1743      0.74785    
 15  0.45000       29.634       27.000       1909.9       1.1690       1.7645       338.00      0.50000      0.45172       12.027       2.2586      0.71886    
 16  0.47500       29.634       27.000       1809.3       1.1690       1.7645       338.00      0.50000      0.27601       6.6363       1.4567      0.64919    
 17  0.50000       29.634       27.000       1718.9       1.1690       1.7645       338.00      0.50000      0.13451       2.1856      0.74728      0.43872    
