Designed blade                  
  n         V/wR         Btip            V          rpm          rho       mu*1e5       Vsound            h        P(kW)         T(N)       Q(N-m)          eff
----------------------------------------------------------------------------------------------------------------------------------------------------------------
  1  0.17684E-01   27.394       1.0000       1800.0       1.1690       1.7645       338.00      0.50000      0.78365       82.385       4.1574      0.10513    
  2  0.15915E-01   27.394       1.0000       2000.0       1.1690       1.7645       338.00      0.50000       1.0741       102.49       5.1285      0.95418E-01
  3  0.14469E-01   27.394       1.0000       2200.0       1.1690       1.7645       338.00      0.50000       1.4291       124.82       6.2032      0.87344E-01
  4  0.13263E-01   27.394       1.0000       2400.0       1.1690       1.7645       338.00      0.50000       1.8554       149.41       7.3825      0.80524E-01
  5  0.12243E-01   27.394       1.0000       2600.0       1.1690       1.7645       338.00      0.50000       2.3599       176.25       8.6674      0.74686E-01
  6  0.11368E-01   27.394       1.0000       2800.0       1.1690       1.7645       338.00      0.50000       2.9494       205.37       10.059      0.69630E-01
  7  0.10610E-01   27.394       1.0000       3000.0       1.1690       1.7645       338.00      0.50000       3.6312       236.79       11.559      0.65209E-01
  8  0.99472E-02   27.394       1.0000       3200.0       1.1690       1.7645       338.00      0.50000       4.4125       270.53       13.168      0.61309E-01
  9  0.93621E-02   27.394       1.0000       3400.0       1.1690       1.7645       338.00      0.50000       5.3007       306.60       14.888      0.57843E-01
 10  0.88419E-02   27.394       1.0000       3600.0       1.1690       1.7645       338.00      0.50000       6.3034       345.05       16.720      0.54740E-01
 11  0.83766E-02   27.394       1.0000       3800.0       1.1690       1.7645       338.00      0.50000       7.4284       385.88       18.667      0.51947E-01
 12  0.79577E-02   27.394       1.0000       4000.0       1.1690       1.7645       338.00      0.50000    
 13  0.75788E-02   27.394       1.0000       4200.0       1.1690       1.7645       338.00      0.50000       10.078       474.85       22.914      0.47118E-01
 14  0.72343E-02   27.394       1.0000       4400.0       1.1690       1.7645       338.00      0.50000       11.619       523.05       25.217      0.45015E-01
 15  0.69198E-02   27.394       1.0000       4600.0       1.1690       1.7645       338.00      0.50000    
 16  0.66315E-02   27.394       1.0000       4800.0       1.1690       1.7645       338.00      0.50000    
 17  0.63662E-02   27.394       1.0000       5000.0       1.1690       1.7645       338.00      0.50000       17.218       682.93       32.883      0.39665E-01
 18  0.61213E-02   27.394       1.0000       5200.0       1.1690       1.7645       338.00      0.50000       19.440       741.47       35.700      0.38141E-01
 19  0.58946E-02   27.394       1.0000       5400.0       1.1690       1.7645       338.00      0.50000    
 20  0.56841E-02   27.394       1.0000       5600.0       1.1690       1.7645       338.00      0.50000       24.483       866.71       41.749      0.35400E-01
 21  0.54881E-02   27.394       1.0000       5800.0       1.1690       1.7645       338.00      0.50000       27.325       933.52       44.989      0.34163E-01
 22  0.53052E-02   27.394       1.0000       6000.0       1.1690       1.7645       338.00      0.50000       30.398       1003.2       48.380      0.33003E-01
 23  0.51340E-02   27.394       1.0000       6200.0       1.1690       1.7645       338.00      0.50000       33.714       1075.9       51.926      0.31912E-01
 24  0.49736E-02   27.394       1.0000       6400.0       1.1690       1.7645       338.00      0.50000       37.291       1151.5       55.641      0.30880E-01
 25  0.48229E-02   27.394       1.0000       6600.0       1.1690       1.7645       338.00      0.50000       41.154       1230.3       59.544      0.29895E-01
 26  0.46810E-02   27.394       1.0000       6800.0       1.1690       1.7645       338.00      0.50000       45.335       1312.2       63.664      0.28944E-01
 27  0.45473E-02   27.394       1.0000       7000.0       1.1690       1.7645       338.00      0.50000       49.876       1397.3       68.039      0.28016E-01
 28  0.44210E-02   27.394       1.0000       7200.0       1.1690       1.7645       338.00      0.50000       54.830       1485.7       72.720      0.27096E-01
 29  0.43015E-02   27.394       1.0000       7400.0       1.1690       1.7645       338.00      0.50000       60.265       1577.4       77.769      0.26174E-01
 30  0.41883E-02   27.394       1.0000       7600.0       1.1690       1.7645       338.00      0.50000       66.267       1672.5       83.263      0.25238E-01
 31  0.40809E-02   27.394       1.0000       7800.0       1.1690       1.7645       338.00      0.50000       72.938       1770.9       89.296      0.24280E-01
